0,349
643,4
643,3
643,2
643,1
643,0
642,4
642,3
642,2
642,1
642,0
641,4
641,3
641,2
641,1
641,0
640,4
640,3
640,2
640,1
640,0
639,4
639,3
639,2
0,348
639,1
639,0
638,4
638,3
638,2
638,1
638,0
637,4
637,3
637,2
637,1
637,0
636,6
636,5
636,4
636,3
636,2
636,1
636,0
635,5
635,4
635,3
635,2
635,1
635,0
0,345
634,4
634,3
634,2
0,344
0,343
634,1
634,0
633,3
633,2
633,1
633,0
632,3
632,2
632,1
632,0
631,3
631,2
631,1
631,0
630,3
630,2
630,1
630,0
629,3
629,2
629,1
629,0
628,3
628,2
628,1
628,0
627,3
627,2
627,1
627,0
626,3
626,2
626,1
626,0
625,3
625,2
625,1
625,0
0,342
0,341
0,340
0,386
0,278
0,9
0,273
0,270
3,2
3,1
3,3
10,20
10,242
10,260
10,166
10,200
10,266
10,284
10,1
10,142
10,2
10,3
11,28
11,4
11,15
11,25
11,16
11,19
11,13
11,1
11,18
11,2
11,3
9,7
9,6
9,1
9,4
9,2
